bucket	value
0.1	 20.9 
0.2	 31.1 
0.3	 44.1 
0.4	 48.4 
0.5	 51.8 
0.6	 54.7 
0.7	 57.0 
0.8	 60.5 
0.9	 62.1 
1	 63.6 
1.1	 64.8 
1.2	 65.9 
1.3	 67.6 
1.4	 68.3 
1.5	 68.9 
1.6	 69.5 
1.7	 70.0 
1.8	 70.9 
1.9	 71.3 
2	 71.7 
2.1	 72.1 
2.2	 72.5 
2.3	 73.2 
2.4	 73.6 
2.5	 73.9 
2.6	 74.2 
2.7	 74.5 
2.8	 75.0 
2.9	 75.3 
3	 75.5 
3.1	 75.7 
3.2	 75.9 
3.3	 76.3 
3.4	 76.5 
3.5	 76.6 
3.6	 76.8 
3.7	 76.9 
3.8	 77.3 
3.9	 77.4 
4	 77.6 
4.1	 77.8 
4.2	 77.9 
4.3	 78.2 
4.4	 78.3 
4.5	 78.4 
4.6	 78.5 
4.7	 78.6 
4.8	 78.9 
4.9	 79.0 
5	 79.1 
5.1	 79.2 
5.2	 79.3 
5.3	 79.5 
5.4	 79.5 
5.5	 79.6 
5.6	 79.7 
5.7	 79.8 
5.8	 80.0 
5.9	 80.1 
6	 80.2 
6.1	 80.3 
6.2	 80.4 
6.3	 80.6 
6.4	 80.6 
6.5	 80.7 
6.6	 80.8 
6.7	 80.8 
6.8	 81.0 
6.9	 81.1 
7	 81.1 
7.1	 81.2 
7.2	 81.3 
7.3	 81.4 
7.4	 81.4 
7.5	 81.5 
7.6	 81.6 
7.7	 81.6 
7.8	 81.7 
7.9	 81.8 
8	 81.9 
8.1	 81.9 
8.2	 82.0 
8.3	 82.1 
8.4	 82.2 
8.5	 82.2 
8.6	 82.3 
8.7	 82.3 
8.8	 82.4 
8.9	 82.5 
9	 82.6 
9.1	 82.6 
9.2	 82.7 
9.3	 82.8 
9.4	 82.9 
9.5	 82.9 
9.6	 83.0 
9.7	 83.0 
9.8	 83.2 
9.9	 83.3 
10	 83.3 
10.1	 83.4 
10.2	 83.5 
10.3	 83.6 
10.4	 83.6 
10.5	 83.7 
10.6	 83.7 
10.7	 83.8 
10.8	 83.9 
10.9	 84.0 
11	 84.1 
11.1	 84.1 
11.2	 84.2 
11.3	 84.3 
11.4	 84.3 
11.5	 84.4 
11.6	 84.4 
11.7	 84.5 
11.8	 84.7 
11.9	 84.8 
12	 84.9 
12.1	 85.0 
12.2	 85.0 
12.3	 85.1 
12.4	 85.2 
12.5	 85.2 
12.6	 85.3 
12.7	 85.3 
12.8	 85.5 
12.9	 85.6 
13	 85.6 
13.1	 85.7 
13.2	 85.7 
13.3	 85.8 
13.4	 85.9 
13.5	 85.9 
13.6	 85.9 
13.7	 86.0 
13.8	 86.1 
13.9	 86.2 
14	 86.2 
14.1	 86.3 
14.2	 86.3 
14.3	 86.4 
14.4	 86.4 
14.5	 86.4 
14.6	 86.5 
14.7	 86.5 
14.8	 86.6 
14.9	 86.7 
15	 86.7 
15.1	 86.8 
15.2	 86.8 
15.3	 86.8 
15.4	 86.9 
15.5	 86.9 
15.6	 86.9 
15.7	 87.0 
15.8	 87.0 
15.9	 87.1 
16	 87.2 
16.1	 87.2 
16.2	 87.2 
16.3	 87.3 
16.4	 87.3 
16.5	 87.3 
16.6	 87.3 
16.7	 87.4 
16.8	 87.4 
16.9	 87.5 
17	 87.6 
17.1	 87.6 
17.2	 87.6 
17.3	 87.7 
17.4	 87.7 
17.5	 87.7 
17.6	 87.7 
17.7	 87.7 
17.8	 87.8 
17.9	 87.9 
18	 87.9 
18.1	 87.9 
18.2	 87.9 
18.3	 88.0 
18.4	 88.0 
18.5	 88.0 
18.6	 88.0 
18.7	 88.1 
18.8	 88.1 
18.9	 88.1 
19	 88.2 
19.1	 88.2 
19.2	 88.2 
19.3	 88.2 
19.4	 88.3 
19.5	 88.3 
19.6	 88.3 
19.7	 88.3 
19.8	 88.3 
19.9	 88.4 
20	 88.4 
20.1	 88.4 
20.2	 88.4 
20.3	 88.4 
20.4	 88.4 
20.5	 88.5 
20.6	 88.5 
20.7	 88.5 
20.8	 88.5 
20.9	 88.5 
21	 88.5 
21.1	 88.6 
21.2	 88.6 
21.3	 88.6 
21.4	 88.6 
21.5	 88.6 
21.6	 88.6 
21.7	 88.6 
21.8	 88.7 
21.9	 88.7 
22	 88.7 
22.1	 88.7 
22.2	 88.7 
22.3	 88.7 
22.4	 88.8 
22.5	 88.8 
22.6	 88.8 
22.7	 88.8 
22.8	 88.8 
22.9	 88.8 
23	 88.8 
23.1	 88.9 
23.2	 88.9 
23.3	 88.9 
23.4	 88.9 
23.5	 88.9 
23.6	 88.9 
23.7	 89.0 
23.8	 89.1 
23.9	 89.1 
24	 89.1 
24.1	 89.1 
24.2	 89.2 
24.3	 89.2 
24.4	 89.2 
24.5	 89.2 
24.6	 89.2 
24.7	 89.3 
24.8	 89.3 
24.9	 89.3 
25	 89.3 
25.1	 89.3 
25.2	 89.3 
25.3	 89.3 
25.4	 89.4 
25.5	 89.4 
25.6	 89.4 
25.7	 89.4 
25.8	 89.4 
25.9	 89.4 
26	 89.4 
26.1	 89.4 
26.2	 89.4 
26.3	 89.4 
26.4	 89.5 
26.5	 89.5 
26.6	 89.5 
26.7	 89.5 
26.8	 89.5 
26.9	 89.5 
27	 89.5 
27.1	 89.5 
27.2	 89.5 
27.3	 89.5 
27.4	 89.5 
27.5	 89.6 
27.6	 89.6 
27.7	 89.6 
27.8	 89.6 
27.9	 89.6 
28	 89.6 
28.1	 89.6 
28.2	 89.6 
28.3	 89.6 
28.4	 89.7 
28.5	 89.7 
28.6	 89.7 
28.7	 89.7 
28.8	 89.7 
28.9	 89.7 
29	 89.7 
29.1	 89.7 
29.2	 89.7 
29.3	 89.7 
29.4	 89.7 
29.5	 89.7 
29.6	 89.7 
29.7	 89.8 
29.8	 89.8 
29.9	 89.8 
30	 89.8 
30.1	 89.8 
30.2	 89.8 
30.3	 89.8 
30.4	 89.8 
30.5	 89.8 
30.6	 89.8 
30.7	 89.8 
30.8	 89.8 
30.9	 89.8 
31	 89.9 
31.1	 89.9 
31.2	 89.9 
31.3	 89.9 
31.4	 89.9 
31.5	 89.9 
31.6	 89.9 
31.7	 89.9 
31.8	 89.9 
31.9	 89.9 
32	 89.9 
32.1	 89.9 
32.2	 89.9 
32.3	 89.9 
32.4	 90.0 
32.5	 90.0 
32.6	 90.0 
32.7	 90.0 
32.8	 90.0 
32.9	 90.0 
33	 90.0 
33.1	 90.0 
33.2	 90.0 
33.3	 90.0 
33.4	 90.0 
33.5	 90.0 
33.6	 90.0 
33.7	 90.0 
33.8	 90.0 
33.9	 90.1 
34	 90.1 
34.1	 90.1 
34.2	 90.1 
34.3	 90.1 
34.4	 90.1 
34.5	 90.1 
34.6	 90.1 
34.7	 90.1 
34.8	 90.1 
34.9	 90.1 
35	 90.1 
35.1	 90.1 
35.2	 90.1 
35.3	 90.1 
35.4	 90.2 
35.5	 90.2 
35.6	 90.2 
35.7	 90.2 
35.8	 90.2 
35.9	 90.2 
36	 90.2 
36.1	 90.2 
36.2	 90.2 
36.3	 90.2 
36.4	 90.2 
36.5	 90.2 
36.6	 90.2 
36.7	 90.2 
36.8	 90.2 
36.9	 90.2 
37	 90.2 
37.1	 90.2 
37.2	 90.2 
37.3	 90.2 
37.4	 90.3 
37.5	 90.3 
37.6	 90.3 
37.7	 90.3 
37.8	 90.3 
37.9	 90.3 
38	 90.3 
38.1	 90.3 
38.2	 90.3 
38.3	 90.3 
38.4	 90.3 
38.5	 90.3 
38.6	 90.3 
38.7	 90.3 
38.8	 90.3 
38.9	 90.3 
39	 90.3 
39.1	 90.3 
39.2	 90.3 
39.3	 90.3 
39.4	 90.3 
39.5	 90.3 
39.6	 90.3 
39.7	 90.4 
39.8	 90.4 
39.9	 90.4 
40	 90.4 
40.1	 90.4 
40.2	 90.4 
40.3	 90.4 
40.4	 90.4 
40.5	 90.4 
40.6	 90.4 
40.7	 90.4 
40.8	 90.4 
40.9	 90.4 
41	 90.4 
41.1	 90.4 
41.2	 90.4 
41.3	 90.4 
41.4	 90.4 
41.5	 90.4 
41.6	 90.4 
41.7	 90.4 
41.8	 90.4 
41.9	 90.4 
42	 90.5 
42.1	 90.5 
42.2	 90.5 
42.3	 90.5 
42.4	 90.5 
42.5	 90.5 
42.6	 90.5 
42.7	 90.5 
42.8	 90.5 
42.9	 90.5 
43	 90.5 
43.1	 90.5 
43.2	 90.5 
43.3	 90.5 
43.4	 90.5 
43.5	 90.5 
43.6	 90.5 
43.7	 90.5 
43.8	 90.5 
43.9	 90.5 
44	 90.5 
44.1	 90.5 
44.2	 90.5 
44.3	 90.5 
44.4	 90.5 
44.5	 90.5 
44.6	 90.5 
44.7	 90.5 
44.8	 90.5 
44.9	 90.6 
45	 90.6 
45.1	 90.6 
45.2	 90.6 
45.3	 90.6 
45.4	 90.6 
45.5	 90.6 
45.6	 90.6 
45.7	 90.6 
45.8	 90.6 
45.9	 90.6 
46	 90.6 
46.1	 90.6 
46.2	 90.6 
46.3	 90.6 
46.4	 90.6 
46.5	 90.6 
46.6	 90.6 
46.7	 90.6 
46.8	 90.6 
46.9	 90.6 
47	 90.6 
47.1	 90.6 
47.2	 90.6 
47.3	 90.6 
47.4	 90.6 
47.5	 90.6 
47.6	 90.6 
47.7	 90.6 
47.8	 90.7 
47.9	 90.7 
48	 90.7 
48.1	 90.7 
48.2	 90.7 
48.3	 90.7 
48.4	 90.7 
48.5	 90.7 
48.6	 90.7 
48.7	 90.7 
48.8	 90.7 
48.9	 90.7 
49	 90.7 
49.1	 90.7 
49.2	 90.7 
49.3	 90.7 
49.4	 90.7 
49.5	 90.7 
49.6	 90.7 
49.7	 90.7 
49.8	 90.8 
49.9	 90.8 
50	 90.8 
50.1	 90.8 
50.2	 90.8 
50.3	 90.8 
50.4	 90.8 
50.5	 90.8 
50.6	 90.8 
50.7	 90.8 
50.8	 90.8 
50.9	 90.8 
51	 90.8 
51.1	 90.8 
51.2	 90.8 
51.3	 90.8 
51.4	 90.8 
51.5	 90.8 
51.6	 90.8 
51.7	 90.8 
51.8	 90.8 
51.9	 90.8 
52	 90.8 
52.1	 90.8 
52.2	 90.8 
52.3	 90.8 
52.4	 90.8 
52.5	 90.8 
52.6	 90.8 
52.7	 90.8 
52.8	 90.8 
52.9	 90.8 
53	 90.9 
53.1	 90.9 
53.2	 90.9 
53.3	 90.9 
53.4	 90.9 
53.5	 90.9 
53.6	 90.9 
53.7	 90.9 
53.8	 90.9 
53.9	 90.9 
54	 90.9 
54.1	 90.9 
54.2	 90.9 
54.3	 90.9 
54.4	 90.9 
54.5	 90.9 
54.6	 90.9 
54.7	 90.9 
54.8	 90.9 
54.9	 90.9 
55	 90.9 
55.1	 90.9 
55.2	 90.9 
55.3	 90.9 
55.4	 90.9 
55.5	 90.9 
55.6	 90.9 
55.7	 90.9 
55.8	 90.9 
55.9	 90.9 
56	 90.9 
56.1	 90.9 
56.2	 90.9 
56.3	 90.9 
56.4	 90.9 
56.5	 90.9 
56.6	 90.9 
56.7	 90.9 
56.8	 90.9 
56.9	 90.9 
57	 90.9 
57.1	 91.0 
57.2	 91.0 
57.3	 91.0 
57.4	 91.0 
57.5	 91.0 
57.6	 91.0 
57.7	 91.0 
57.8	 91.0 
57.9	 91.0 
58	 91.0 
58.1	 91.0 
58.2	 91.0 
58.3	 91.0 
58.4	 91.0 
58.5	 91.0 
58.6	 91.0 
58.7	 91.0 
58.8	 91.0 
58.9	 91.0 
59	 91.0 
59.1	 91.0 
59.2	 91.0 
59.3	 91.0 
59.4	 91.0 
59.5	 91.0 
59.6	 91.0 
59.7	 91.0 
59.8	 91.0 
59.9	 91.0 
60	 91.0 
60.1	 91.0 
60.2	 91.0 
60.3	 91.0 
60.4	 91.0 
60.5	 91.0 
60.6	 91.0 
60.7	 91.0 
60.8	 91.0 
60.9	 91.0 
61	 91.0 
61.1	 91.0 
61.2	 91.0 
61.3	 91.0 
61.4	 91.0 
61.5	 91.0 
61.6	 91.1 
61.7	 91.1 
61.8	 91.1 
61.9	 91.1 
62	 91.1 
62.1	 91.1 
62.2	 91.1 
62.3	 91.1 
62.4	 91.1 
62.5	 91.1 
62.6	 91.1 
62.7	 91.1 
62.8	 91.1 
62.9	 91.1 
63	 91.1 
63.1	 91.1 
63.2	 91.1 
63.3	 91.1 
63.4	 91.1 
63.5	 91.1 
63.6	 91.1 
63.7	 91.1 
63.8	 91.1 
63.9	 91.1 
64	 91.1 
64.1	 91.1 
64.2	 91.1 
64.3	 91.1 
64.4	 91.1 
64.5	 91.1 
64.6	 91.1 
64.7	 91.1 
64.8	 91.1 
64.9	 91.1 
65	 91.1 
65.1	 91.1 
65.2	 91.1 
65.3	 91.1 
65.4	 91.1 
65.5	 91.1 
65.6	 91.1 
65.7	 91.1 
65.8	 91.2 
65.9	 91.2 
66	 91.2 
66.1	 91.2 
66.2	 91.2 
66.3	 91.2 
66.4	 91.2 
66.5	 91.2 
66.6	 91.2 
66.7	 91.2 
66.8	 91.2 
66.9	 91.2 
67	 91.2 
67.1	 91.2 
67.2	 91.2 
67.3	 91.2 
67.4	 91.2 
67.5	 91.2 
67.6	 91.2 
67.7	 91.2 
67.8	 91.2 
67.9	 91.2 
68	 91.2 
68.1	 91.2 
68.2	 91.2 
68.3	 91.2 
68.4	 91.2 
68.5	 91.2 
68.6	 91.2 
68.7	 91.2 
68.8	 91.2 
68.9	 91.2 
69	 91.2 
69.1	 91.2 
69.2	 91.2 
69.3	 91.2 
69.4	 91.2 
69.5	 91.2 
69.6	 91.2 
69.7	 91.2 
69.8	 91.2 
69.9	 91.2 
70	 91.2 
70.1	 91.2 
70.2	 91.2 
70.3	 91.2 
70.4	 91.3 
70.5	 91.3 
70.6	 91.3 
70.7	 91.3 
70.8	 91.3 
70.9	 91.3 
71	 91.3 
71.1	 91.3 
71.2	 91.3 
71.3	 91.3 
71.4	 91.3 
71.5	 91.3 
71.6	 91.3 
71.7	 91.3 
71.8	 91.3 
71.9	 91.3 
72	 91.3 
72.1	 91.3 
72.2	 91.3 
72.3	 91.3 
72.4	 91.3 
72.5	 91.3 
72.6	 91.3 
72.7	 91.3 
72.8	 91.3 
72.9	 91.3 
73	 91.3 
73.1	 91.3 
73.2	 91.3 
73.3	 91.3 
73.4	 91.3 
73.5	 91.3 
73.6	 91.3 
73.7	 91.3 
73.8	 91.4 
73.9	 91.4 
74	 91.4 
74.1	 91.4 
74.2	 91.4 
74.3	 91.4 
74.4	 91.4 
74.5	 91.4 
74.6	 91.4 
74.7	 91.4 
74.8	 91.4 
74.9	 91.4 
75	 91.4 
75.1	 91.4 
75.2	 91.4 
75.3	 91.4 
75.4	 91.4 
75.5	 91.4 
75.6	 91.4 
75.7	 91.4 
75.8	 91.4 
75.9	 91.4 
76	 91.4 
76.1	 91.4 
76.2	 91.4 
76.3	 91.4 
76.4	 91.4 
76.5	 91.4 
76.6	 91.4 
76.7	 91.4 
76.8	 91.4 
76.9	 91.4 
77	 91.4 
77.1	 91.4 
77.2	 91.4 
77.3	 91.4 
77.4	 91.4 
77.5	 91.5 
77.6	 91.5 
77.7	 91.5 
77.8	 91.5 
77.9	 91.5 
78	 91.5 
78.1	 91.5 
78.2	 91.5 
78.3	 91.5 
78.4	 91.5 
78.5	 91.5 
78.6	 91.5 
78.7	 91.5 
78.8	 91.5 
78.9	 91.5 
79	 91.5 
79.1	 91.5 
79.2	 91.5 
79.3	 91.5 
79.4	 91.5 
79.5	 91.5 
79.6	 91.5 
79.7	 91.5 
79.8	 91.5 
79.9	 91.5 
80	 91.5 
80.1	 91.5 
80.2	 91.5 
80.3	 91.5 
80.4	 91.5 
80.5	 91.5 
80.6	 91.5 
80.7	 91.5 
80.8	 91.5 
80.9	 91.5 
81	 91.5 
81.1	 91.5 
81.2	 91.5 
81.3	 91.5 
81.4	 91.5 
81.5	 91.5 
81.6	 91.5 
81.7	 91.5 
81.8	 91.5 
81.9	 91.5 
82	 91.5 
82.1	 91.5 
82.2	 91.5 
82.3	 91.5 
82.4	 91.5 
82.5	 91.5 
82.6	 91.5 
82.7	 91.5 
82.8	 91.5 
82.9	 91.5 
83	 91.5 
83.1	 91.5 
83.2	 91.5 
83.3	 91.5 
83.4	 91.5 
83.5	 91.5 
83.6	 91.5 
83.7	 91.5 
83.8	 91.5 
83.9	 91.5 
84	 91.5 
84.1	 91.5 
84.2	 91.5 
84.3	 91.5 
84.4	 91.5 
84.5	 91.6 
84.6	 91.6 
84.7	 91.6 
84.8	 91.6 
84.9	 91.6 
85	 91.6 
85.1	 91.6 
85.2	 91.6 
85.3	 91.6 
85.4	 91.6 
85.5	 91.6 
85.6	 91.6 
85.7	 91.6 
85.8	 91.6 
85.9	 91.6 
86	 91.6 
86.1	 91.6 
86.2	 91.6 
86.3	 91.6 
86.4	 91.6 
86.5	 91.6 
86.6	 91.6 
86.7	 91.6 
86.8	 91.6 
86.9	 91.6 
87	 91.6 
87.1	 91.6 
87.2	 91.6 
87.3	 91.6 
87.4	 91.6 
87.5	 91.6 
87.6	 91.6 
87.7	 91.6 
87.8	 91.6 
87.9	 91.6 
88	 91.6 
88.1	 91.6 
88.2	 91.6 
88.3	 91.6 
88.4	 91.6 
88.5	 91.6 
88.6	 91.6 
88.7	 91.6 
88.8	 91.6 
88.9	 91.6 
89	 91.6 
89.1	 91.6 
89.2	 91.6 
89.3	 91.6 
89.4	 91.6 
89.5	 91.6 
89.6	 91.6 
89.7	 91.6 
89.8	 91.6 
89.9	 91.6 
90	 91.6 
90.1	 91.6 
90.2	 91.6 
90.3	 91.6 
90.4	 91.6 
90.5	 91.6 
90.6	 91.6 
90.7	 91.6 
90.8	 91.6 
90.9	 91.6 
91	 91.7 
91.1	 91.7 
91.2	 91.7 
91.3	 91.7 
91.4	 91.7 
91.5	 91.7 
91.6	 91.7 
91.7	 91.7 
91.8	 91.7 
91.9	 91.7 
92	 91.7 
92.1	 91.7 
92.2	 91.7 
92.3	 91.7 
92.4	 91.7 
92.5	 91.7 
92.6	 91.7 
92.7	 91.7 
92.8	 91.7 
92.9	 91.7 
93	 91.7 
93.1	 91.7 
93.2	 91.7 
93.3	 91.7 
93.4	 91.7 
93.5	 91.7 
93.6	 91.7 
93.7	 91.7 
93.8	 91.7 
93.9	 91.7 
94	 91.7 
94.1	 91.7 
94.2	 91.7 
94.3	 91.7 
94.4	 91.7 
94.5	 91.7 
94.6	 91.7 
94.7	 91.7 
94.8	 91.7 
94.9	 91.7 
95	 91.7 
95.1	 91.7 
95.2	 91.7 
95.3	 91.7 
95.4	 91.7 
95.5	 91.7 
95.6	 91.7 
95.7	 91.7 
95.8	 91.7 
95.9	 91.7 
96	 91.7 
96.1	 91.7 
96.2	 91.7 
96.3	 91.7 
96.4	 91.7 
96.5	 91.7 
96.6	 91.7 
96.7	 91.7 
96.8	 91.7 
96.9	 91.7 
97	 91.7 
97.1	 91.7 
97.2	 91.7 
97.3	 91.7 
97.4	 91.7 
97.5	 91.8 
97.6	 91.8 
97.7	 91.8 
97.8	 91.8 
97.9	 91.8 
98	 91.8 
98.1	 91.8 
98.2	 91.8 
98.3	 91.8 
98.4	 91.8 
98.5	 91.8 
98.6	 91.8 
98.7	 91.8 
98.8	 91.8 
98.9	 91.8 
99	 91.8 
99.1	 91.8 
99.2	 91.8 
99.3	 91.8 
99.4	 91.8 
99.5	 91.8 
99.6	 91.8 
99.7	 91.8 
99.8	 91.8 
99.9	 91.8 
100	 91.8 bucket	value
0	0.000
1	0.000
2	0.000
3	0.000
4	0.000
5	0.000
6	0.000
7	0.000
8	0.000
9	0.000
10	0.000
11	0.000
12	0.000
13	0.000
14	0.000
15	0.000
16	0.000
17	0.000
18	0.000
19	0.000
20	0.000
21	0.000
22	0.000
23	0.000
24	0.000
25	0.000
26	0.000
27	0.000
28	0.000
29	0.000
30	0.000
31	0.000
32	0.000
33	0.000
34	0.000
35	0.000
36	0.000
37	0.000
38	0.000
39	0.000
40	0.000
41	0.000
42	0.000
43	0.000
44	0.000
45	0.000
46	0.000
47	0.000
48	0.000
49	0.000
50	0.000
